1.7010183750780539 76.98235124578694 1
2.043986500370979 78.29768770881418 1
1.8706891086880981 70.62380237825258 1
1.7329580240157165 73.86828061156046 1
1.9791702288258233 67.80628251841688 1
1.8108815041753683 62.56708838097224 1
1.9094115930465185 74.8398419763449 1
1.8026302983598672 78.52550438072585 1
1.6876337663860357 75.71358632142967 1
1.769250848331782 79.06348527816989 1
1.6736646650819156 78.58440243189034 1
1.6944026818380524 74.80093663423756 1
1.8391588776699295 72.52124456923899 1
1.8518195320163269 80.1401229127407 1
1.764653021226741 66.57994933970289 1
1.7665281107105548 71.47143133957336 1
1.7428650944550916 66.91196213126514 1
1.738010931367279 71.90992203698298 1
1.8054286241739022 77.57127242035831 1
1.862459151818963 68.67416616879468 1
1.720198227575265 71.68551705483665 1
1.7526608439261817 78.78784418823382 1
1.8819939765367768 72.62213737231468 1
1.792346487790974 74.0777679308841 1
1.7684789903106846 86.48594410158698 1
1.8907537798337155 72.64422252627168 1
1.8126431862784764 81.94031762994736 1
1.6948906224325822 77.602807226107 1
1.854381186244661 77.22639160210157 1
1.8359993758535755 80.80248126219783 1
1.7597812920592024 75.18772810836273 1
1.9291410553872637 73.78202169044555 1
1.8925591336854373 75.49603304269492 1
1.859117788947916 80.16059175035313 1
1.947424798341753 73.06101836753427 1
1.7069281508536405 61.93865994604921 1
1.864535852893484 69.05561525278318 1
1.737682316627102 81.11190195931454 1
1.9629396562091845 64.96719138106499 1
1.662241164148912 71.2318357151704 1
1.7728229839226781 77.21185923799241 1
1.7951534660913302 72.33674090905978 1
1.8106585066865193 72.812213544721 1
1.7207138613733062 75.01203144612624 1
1.6864223673515848 78.28123450835352 1
1.7907891238534448 81.23262784095648 1
1.933080209528179 76.29788322932289 1
1.9313824769995247 75.93495184303468 1
1.794534741203491 64.73477954299247 1
1.8495687493570772 73.48065115121233 1
1.8152947012464442 71.69530525297755 1
1.7982766243279167 76.94280138220623 1
1.6940619595531192 69.13337325825262 1
1.8755984085319015 76.34280765397956 1
1.7354707850006976 69.75351088860725 1
1.6583207821099752 81.68112542836707 1
1.665019821174596 67.80441026979032 1
1.8296017059810579 68.07036854831686 1
1.7206961544705008 80.7514341362944 1
1.8031481041047555 76.28668067089176 1
1.851622022624312 76.71881221591165 1
1.888580289055882 89.45174640783614 1
1.7039060033241182 75.52645013211873 1
1.7666426135457782 75.18237286228414 1
1.769880154566814 81.72020106658003 1
1.8187007758241374 75.45323670881332 1
1.7138968940009318 73.09740700221474 1
1.8605794235039292 76.09468805688358 1
1.7477168332325674 85.31490362598512 1
1.8081663201506653 77.26847257493966 1
1.7843900329756814 74.90829324597215 1
1.9228796641538461 71.06495274818371 1
1.625198884720363 74.15228910673099 1
1.6641808363858406 77.04385837547512 1
1.9270327953838045 80.64874476079692 1
1.7254123643650412 79.66603364821214 1
1.8557958930477296 67.1391440109542 1
1.6527085355330717 75.80376028046415 1
1.970186115176475 72.00425634500937 1
1.8805761370325185 70.80617062893688 1
1.6766054585225079 49.5034073908947 0
1.6220005516081357 46.205239148659764 0
1.6347112292134582 51.283971983734865 0
1.8051247639557093 48.26214361984451 0
1.7950994369135613 55.54355313260267 0
1.7934228142649782 47.80058051845752 0
1.630716735312617 52.3915669562096 0
1.6422118245979547 50.547043000313415 0
1.659025622133064 51.50593436969124 0
1.57426102063893 48.3576367099333 0
1.8401209137150256 46.28713359854363 0
1.5610125563200292 51.082042513055384 0
1.6825854994310454 55.23112487493841 0
1.524115795267562 49.41701727303655 0
1.8006985221380432 52.61568088418062 0
1.793963159840893 51.582772102419945 0
1.7095993885772285 44.324205277979004 0
1.5644518271316143 48.21514932087405 0
1.5734505339192406 53.49835932058323 0
1.665508403765981 51.84593358978638 0
1.639917806362751 52.78896460728901 0
1.5744964562665902 50.18939340496688 0
1.7006395766385662 45.75974121388105 0
1.6184978354647532 45.58099448990425 0
1.7046945547756238 50.97136908737021 0
1.5147818934405775 51.087818824089574 0
1.669627316838863 51.387054579903165 0
1.7804449853037525 41.76604923305479 0
1.3565132347167896 48.19933441863262 0
1.6915118517363872 46.29335565986462 0
1.618047312058768 52.92026068454244 0
1.4551798774562805 45.693298279969774 0
1.7404051540473697 52.96681567389777 0
1.6629993526645979 48.74536325068584 0
1.6555169580082338 51.50325709649743 0
1.6444582043460831 45.46015345254612 0
1.6978119703996573 53.6447555698709 0
1.5854485010916084 50.72690208168683 0
1.627038280159386 49.7864805930916 0
1.7530033130774243 51.18094469173172 0
1.5930730913747948 49.46103177099593 0
1.6287058794477511 51.308403113930495 0
1.6587863159101988 43.02890506269706 0
1.6182480733885327 54.476523921024835 0
1.4428596005947367 50.65986851258706 0
1.396462837280343 48.86564131105379 0
1.557103644150717 53.21695178733475 0
1.5853110205052905 51.29212585020214 0
1.5016615812468057 48.704871998122535 0
1.7044332015348074 45.47241905047734 0
1.75268801727897 50.54696713649875 0
1.7168903296350144 44.783989737471764 0
1.686324931676239 56.30990912808153 0
1.4999288458727835 48.05554263515345 0
1.648570587101977 55.30706852190617 0
1.529974830889944 44.187629847452136 0
1.7816226722282864 46.29593657770603 0
1.5943442168752133 43.00124331138156 0
1.687815800923315 52.70254308555996 0
1.5634024033321903 52.435110495727386 0
1.569022314906744 44.36738297725788 0
1.6325535557369264 47.61196375938856 0
1.5852054304841134 54.672011625504666 0
1.7218064624164928 47.64476337535676 0
1.6850020897974765 55.32613964333831 0
1.520659045521146 43.85023776670088 0
1.6559027417999208 47.963637738853905 0
1.4970314930300401 49.26790437061891 0
1.653707589834615 50.336765251220065 0
1.567955264365609 48.32276516028135 0
1.6957512788509808 50.86613307359317 0
1.6315628434492258 46.66180020549355 0
1.762991954023985 50.60698741396604 0
1.602577399773253 51.48673624049329 0
1.5574916748181 52.654880771546296 0
1.6558403039090737 56.39285284638217 0
1.6961851310867986 44.32795342792126 0
1.60469243065135 52.448107950434874 0
1.632497624974832 53.99325901080952 0
1.4872318013480375 47.72138848604317 0
